1.242
Time = 01.249
Memory = 7
[1, 2, 3, 4, 5, 6, 7, 8, 9, 153, 370, 371, 407, 1634, 8208, 9474, 54748, 92727, 93084, 548834]

Process finished with exit code 0


Time = 00.164
Memory = 0
[1, 2, 3, 4, 5, 6, 7, 8, 9, 153, 370, 371, 407, 1634, 8208, 9474, 4150, 4151, 54748, 92727, 93084, 548834, 1741725, 4210818, 9800817, 9926315]


Time = 00.119
Memory = 0
[1, 2, 3, 4, 5, 6, 7, 8, 9, 153, 370, 371, 407, 1634, 8208, 9474, 4150, 4151, 54748, 92727, 93084, 548834, 1741725, 4210818, 9800817, 9926315]

00.732
Memory = 2
[1, 2, 3, 4, 5, 6, 7, 8, 9, 153, 370, 371, 407, 1634, 8208, 9474, 4150, 4151, 54748, 92727, 93084, 548834, 1741725, 4210818, 9800817, 9926315, 24678050, 24678051]